A1
A2
A3
A4
A5
A6
B1
B2
B3
B4
B5
B6
C1
C2
C3
C4
C6
D1
D2
D3
D4
D5
D6
